0 622 102
1 640 110
2 656 117
3 671 137
4 686 153
5 700 169
6 713 185
7 724 197
8 736 211
9 748 222
10 758 232
11 769 242
12 779 252
13 788 260
14 796 267
15 806 275
16 815 280
17 827 287
18 833 292
19 839 297
20 848 303
21 858 308
22 865 312
23 872 316
24 878 321
25 886 325
26 893 329
27 902 333
28 908 338
29 915 342
30 921 345
31 926 348
32 933 351
33 938 353
34 946 357
35 954 360
36 960 363
37 965 366
38 971 369
39 978 371
40 982 374
41 989 376
42 995 379
43 1002 381
44 1006 383
45 1012 385
46 1017 388
47 1024 390
48 1029 391
49 1035 394
50 1040 396
51 1046 398
52 1051 400
53 1056 402
54 1062 403
55 1065 405
56 1073 407
57 1077 410
58 1063 409
59 1047 410
60 1031 411
61 1016 411
62 1003 412
63 989 412
64 977 412
65 960 412
66 947 411
67 935 412
68 920 412
69 908 413
70 898 411
71 884 412
72 873 414
73 860 413
74 851 412
75 840 413
76 829 412
77 819 412
78 809 414
79 799 413
80 789 412
81 778 412
82 768 413
83 759 413
84 748 413
85 739 412
86 729 413
87 721 413
88 713 413
89 705 413
90 697 413
91 688 413
92 680 413
93 672 414
94 664 413
95 657 412
96 649 414
97 644 413
98 637 413
99 631 413
100 623 413
101 617 412
102 611 413
103 604 412
104 600 412
105 595 412
106 589 412
107 584 412
108 578 412
109 574 411
110 569 411
111 563 412
112 559 411
113 555 412
114 550 411
115 545 411
116 541 411
117 537 411
118 533 410
119 531 411
120 528 411
121 523 411
122 520 410
123 517 411
124 514 411
125 510 410
126 506 409
127 504 409
128 502 408
129 499 409
