1 622 102
2 623 102
3 662 120
4 686 146
5 703 168
6 717 186
7 727 201
8 736 212
9 747 224
10 760 235
11 769 243
12 779 252
13 789 261
14 797 269
15 805 275
16 815 283
17 824 286
18 836 293
19 842 297
20 846 302
21 855 308
22 866 313
23 873 317
24 879 320
25 884 325
26 892 329
27 900 333
28 909 337
29 915 342
30 921 346
31 927 348
32 932 351
33 939 354
34 943 355
35 952 360
36 961 363
37 966 365
38 971 369
39 976 372
40 983 373
41 987 376
42 994 378
43 1001 381
44 1008 383
45 1011 385
46 1017 387
47 1022 390
48 1029 392
49 1034 393
50 1040 395
51 1045 398
52 1051 400
53 1056 402
54 1061 404
55 1067 404
56 1069 406
57 1078 408
58 1082 412
59 1063 410
60 1038 410
61 1017 411
62 1000 411
63 987 412
64 974 412
65 964 412
66 946 412
67 931 410
68 921 411
69 906 412
70 894 413
71 885 410
72 871 411
73 861 414
74 848 413
75 839 411
76 829 412
77 818 411
78 807 411
79 798 414
80 789 413
81 779 411
82 767 411
83 757 412
84 748 413
85 737 413
86 729 411
87 719 412
88 711 413
89 704 413
90 696 413
91 688 413
92 679 413
93 671 412
94 663 414
95 656 413
96 649 411
97 641 413
98 637 413
99 630 412
100 624 412
101 616 412
102 610 411
103 604 412
104 597 411
105 594 411
106 589 411
107 583 411
108 578 411
109 572 412
110 568 410
111 564 410
112 557 412
113 553 411
114 550 412
115 545 411
116 540 410
117 536 410
118 532 410
119 528 409
120 527 410
121 525 411
122 519 411
123 516 409
124 513 410
125 510 411
126 506 409
127 502 408
128 500 408
129 499 407
